69493
69488
69344
69168
69125
68964
69155
69023
68668
68671
68673
68719
68722
68783
68784
68833
68835
68965
68352
68353
68455
68456
68512
68513
68551
68568
68606
68611
67894
67896
67899
67900
67913
67959
68010
68179
68346
68347
67493
67495
67497
67509
67521
67524
67583
67673
67848
67850
67113
67115
67117
67133
67179
67221
67319
67320
67335
67336
49542
66828
66829
66884
66947
66954
66955
67001
67004
67005
49042
49047
49048
49121
49122
49505
49506
49527
49528
49541
48208
48209
48274
48275
48276
48277
48311
48314
48316
48317
48319
48334
48335
48340
48341
48342
48343
48346
48379
48380
48401
48403
48404
48405
48483
48484
48485
48486
48487
48488
48489
48490
48537
48538
48539
48541
48543
48544
48545
48550
48572
48573
48590
48591
48592
48593
48594
48595
48596
48597
48611
48612
48633
48634
48731
48732
48733
48734
48735
48736
48747
48748
48759
48760
48762
48763
48764
48765
48787
48788
48791
48792
48859
48860
48861
48862
48868
48869
48875
48885
48886
48887
48889
48893
48895
48896
48907
48908
48909
48910
48935
48942
48961
48972
48973
49010
49011
49012
49014
49041
47163
47336
47339
47340
47341
47342
47343
47344
47345
47348
47349
47350
47351
47418
47419
47477
47478
47483
47484
47529
47530
47533
47534
47536
47537
47589
47590
47591
47624
47626
47627
47668
47669
47670
47671
47687
47730
47731
47732
47733
47734
47735
47816
47817
47818
47819
47820
47821
47834
47835
47872
47873
47885
47886
47954
47955
47957
47958
47959
47960
47961
47962
47963
47964
47998
48002
48003
48004
48006
48007
48010
48012
48030
48041
48042
48043
48044
48045
48048
48108
48110
48111
48112
48113
48114
48115
48123
48124
48125
48177
48178
48179
48180
48190
48191
48196
48197
48205
48206
48207
46065
46074
46075
46136
46137
46138
46139
46248
46249
46250
46251
46252
46253
46254
46255
46258
46340
46341
46342
46343
46344
46345
46346
46348
46349
46401
46403
46407
46408
46409
46410
46411
46446
46447
46505
46506
46507
46508
46509
46510
46511
46601
46602
46603
46604
46605
46606
46607
46608
46609
46673
46674
46675
46676
46677
46705
46706
46707
46709
46719
46748
46749
46750
46751
46758
46759
46760
46761
46762
46798
46799
46801
46869
46870
46871
46872
46873
46875
46876
46877
46878
46928
46929
46932
46933
46934
47021
47022
47023
47025
47026
47078
47079
47101
47102
47155
47156
47157
47161
47162
43850
43851
43852
43868
43892
43982
43984
43985
44067
44070
44071
44191
44192
44193
44296
44297
44363
44365
44366
44495
44497
44498
44568
44570
44571
44711
44712
44713
44737
44738
44882
44883
44929
44930
44971
44972
44973
44974
44991
45010
45080
45081
45082
45083
45139
45140
45141
45142
45223
45224
45225
45226
45306
45307
45308
45312
45334
45335
45336
45337
45443
45444
45445
45446
45516
45517
45518
45519
45592
45593
45594
45596
45652
45653
45655
45656
45734
45735
45736
45737
45785
45786
45787
45788
45904
45905
45906
45907
45930
45931
45936
45937
45949
45956
45957
45976
45977
46062
46063
46064
41746
41750
41753
41791
41794
41796
41938
41939
41940
42011
42012
42014
42149
42151
42155
42157
42158
42159
42160
42252
42253
42254
42346
42348
42349
42350
42351
42457
42458
42460
42461
42462
42591
42592
42593
42716
42717
42718
42719
42720
42833
42834
42835
42836
42837
42941
42942
42943
42944
42945
42946
42947
43065
43066
43067
43068
43069
43070
43071
43168
43169
43170
43171
43172
43173
43301
43302
43303
43304
43305
43306
43308
43309
43310
43311
43320
43390
43391
43392
43393
43402
43466
43467
43468
43469
43493
43494
43591
43592
43593
43594
43595
43596
43694
43695
43786
43788
43790
43794
43795
38966
38968
38969
38986
38987
39024
39025
39026
39027
39031
39033
39077
39078
39079
39080
39137
39138
39139
39141
39149
39416
39417
39420
39423
39519
39520
39565
39566
39614
39615
39618
39619
39654
39655
39680
39681
39684
39685
39732
39733
39791
39792
39795
39796
39862
39863
39951
39952
39955
39957
40126
40127
40128
40129
40147
40148
40237
40238
40344
40345
40346
40347
40427
40428
40547
40548
40648
40649
40655
40656
40730
40732
40733
40735
40748
40749
40884
40885
40999
41000
41009
41010
41110
41111
41230
41371
41375
41463
41464
41465
41566
41567
41570
41655
41656
41657
41742
41743
41744
41745
8856
8968
8972
9130
9446
9599
9600
9613
9619
9768
9772
9903
9906
10046
10049
10091
10092
10181
10203
10244
10245
10422
10477
10482
10563
10677
10680
10682
10692
10702
10705
10746
10757
10760
10776
10891
10892
10893
10894
10897
10922
11028
11032
11034
11079
11103
11169
11170
11174
11182
11263
11271
11284
11343
11429
11430
11433
11434
11442
11504
11507
11508
11512
11519
11530
11535
11574
11577
11579
11588
11590
11599
11600
11601
11602
11603
11605
11651
11654
11657
11660
11664
11668
11671
11681
11686
11690
11735
11736
11737
11742
11745
11752
11771
11773
11858
11862
11863
11864
11866
11871
11971
12026
12027
12028
12030
12031
12032
12033
12035
12037
12068
12069
12099
12100
12101
12103
12104
12106
12128
12129
12157
12159
12164
12180
12181
12183
12186
12192
12193
12200
12226
12228
12241
12242
12244
12246
12274
12277
12278
12315
12316
12324
12325
12333
12336
12339
12434
12440
12441
12464
12465
12472
12577
12578
12587
12588
12662
12667
12796
12797
12853
12860
12934
12935
12936
12937
13022
13076
13077
13264
13302
13315
13357
13402
13427
13574
13576
13618
13643
13644
13648
13668
13775
13777
13778
13788
13808
13810
13901
13904
13937
13987
14004
14095
14108
14110
14121
14228
14254
14256
14258
14262
14263
14271
14273
14289
14323
14365
14372
14377
14382
14410
14414
14433
14434
14437
14595
14599
14606
14636
14642
14643
14644
14650
14760
14762
14763
14764
14779
14784
14788
14789
14799
14851
14855
14857
14868
14869
14881
14884
14885
14887
14889
15072
15073
15075
15078
15079
15105
15140
15147
15148
15246
15247
15249
15285
15288
15334
15335
15336
15513
15519
15522
15525
15539
15540
15571
15588
15591
15611
15735
15740
15760
15852
15897
15989
15991
16010
16011
16012
16040
16042
16048
16049
16137
16160
16179
16180
16287
16292
16303
16313
16476
16489
16490
16491
16511
16529
16571
16642
16778
16791
16794
16797
16805
16818
16829
16830
16922
16924
16931
16963
16965
16970
16971
17049
17050
17153
17154
17175
17254
17324
17393
17397
17398
17399
17401
17409
17412
17413
17418
17421
17434
17473
17474
17475
17480
17481
17501
17502
17503
17525
17526
17539
17546
17547
17611
17612
17617
17653
17655
17661
17719
17722
17723
17724
17751
17759
17764
17807
17810
17811
17828
17833
17834
17882
17884
17885
17893
17938
17939
17940
17941
17953
17962
18000
18001
18003
18005
18009
18010
18012
18014
18030
18032
18033
18034
18043
18044
18056
18059
18081
18083
18084
18086
18091
18113
18119
18123
18125
18184
18185
18189
18194
18195
18196
18205
18207
18213
18216
18217
18219
18282
18287
18288
18291
18293
18296
18297
18299
18384
18386
18389
18390
18391
18413
18456
18457
18471
18472
18474
18476
18477
18478
18479
18480
18481
18485
18517
18518
18519
18522
18561
18562
18563
18564
18566
18629
18630
18631
18634
18635
18636
18638
18654
18655
18656
18669
18676
18707
18708
18725
18727
18728
18730
18731
18748
18749
18751
18752
18762
18763
18767
18806
18807
18809
18812
18814
18815
18816
18823
18863
18866
18867
18868
18870
18875
18876
18879
18881
18914
18915
18916
18917
18918
18919
18932
18933
18934
18937
18962
18963
18964
18965
18966
19000
19001
19007
19024
19025
19026
19027
19028
19029
19035
19036
19039
19040
19050
19052
19057
19074
19076
19077
19128
19130
19131
19132
19146
19147
19151
19152
19153
19155
19162
19172
19176
19177
19179
19185
19186
19187
19203
19204
19205
19206
19216
19220
19227
19228
19235
19236
19237
19239
19283
19284
19285
19286
19290
19304
19309
19311
19312
19394
19395
19396
19397
19398
19400
19434
19445
19446
19450
19451
19452
19486
19487
19492
19493
19501
19504
19505
19506
19508
19518
19522
19525
19526
19528
19535
19536
19537
19580
19585
19605
19606
19608
19610
19611
19612
19613
19614
19615
19617
19618
19619
19627
19629
19630
19633
19638
19639
19642
19643
19722
19723
19724
19746
19747
19777
19778
19779
19780
19781
19782
19783
19784
19786
19812
19847
19848
19875
19876
19879
19880
19882
19924
19926
19927
19936
20005
20015
20017
20018
20019
20023
20024
20025
20082
20086
20089
20094
20095
20110
20111
20115
20117
20119
20124
20159
20160
20161
20162
20163
20164
20165
20166
20168
20170
20171
20175
20217
20219
20220
20221
20236
20237
20238
20253
20254
20256
20277
20278
20297
20298
20299
20300
20301
20303
20308
20331
20333
20344
20345
20348
20354
20376
20377
20389
20403
20407
20410
20411
20412
20416
20466
20467
20469
20470
20471
20474
20478
20522
20523
20524
20525
20526
20527
20595
20596
20597
20598
20601
20602
20604
20605
20606
20608
20609
20610
20611
20612
20617
20624
20625
20626
20631
20663
20664
20665
20666
20667
20668
20670
20671
20672
20678
20679
20682
20705
20712
20714
20715
20716
20720
20721
20762
20764
20775
20776
20802
20803
20805
20812
20813
20814
20815
20816
20835
20836
20837
20839
20840
20841
20842
20843
20848
20849
20871
20872
20878
20879
20881
20883
20884
20885
20886
20893
20894
20895
20896
20897
20901
20937
20938
20939
20940
20941
20942
20943
20944
20963
20965
20966
20967
20968
20969
20970
20993
20994
20995
21012
21013
21014
21015
21016
21017
21018
21019
21060
21061
21062
21064
21065
21067
21068
21069
21103
21105
21106
21110
21112
21113
21115
21116
21170
21171
21172
21173
21174
21175
21176
21177
21178
21179
21180
21181
21182
21186
21187
21190
21193
21214
21215
21217
21218
21219
21220
21223
21224
21226
21228
21229
21296
21304
21307
21308
21309
21321
21322
21325
21447
21449
21508
21509
21515
21519
21527
21567
21568
21569
21570
21573
21574
21664
21666
21668
21669
21675
21676
21678
21680
21681
21716
21853
21856
21858
21860
21861
21863
21865
21866
21886
21890
21891
21901
21903
21904
22032
22037
22039
22040
22051
22053
22168
22176
22179
22180
22186
22187
22333
22339
22344
22345
22426
22429
22430
22434
22435
22436
22438
22439
22498
22499
22508
22509
22560
22561
22566
22588
22610
22611
22612
22613
22619
22722
22727
22734
22736
22739
22740
22818
22819
22821
22822
22825
22828
22830
22831
22836
22929
22937
22938
22940
22941
23001
23007
23008
23019
23122
23123
23124
23126
23127
23131
23173
23179
23204
23210
23211
23215
23216
23270
23272
23273
23293
23294
23299
23300
23307
23308
23311
23374
23375
23395
23402
23409
23411
23414
23415
23421
23422
23424
23479
23480
23481
23482
23486
23487
23488
23575
23576
23577
23582
23583
23588
23644
23646
23654
23655
23729
23730
23734
23736
23737
23747
23760
23761
23822
23823
23842
23856
23857
23868
23872
23873
23875
23878
23879
23934
23937
23946
23948
23960
23964
23965
23966
24009
24053
24054
24062
24064
24066
24068
24156
24157
24159
24167
24169
24170
24176
24177
24178
24179
24181
24203
24209
24225
24227
24229
24230
24275
24276
24346
24347
24348
24349
24350
24354
24414
24417
24418
24422
24427
24428
24429
24431
24440
24442
24445
24464
24465
24466
24477
24478
24479
24484
24485
24486
24527
24528
24529
24535
24536
24537
24538
24542
24543
24544
24629
24630
24631
24632
24638
24711
24712
24714
24716
24731
24732
24750
24752
24785
24786
24789
24801
24809
24810
24878
24879
24881
24911
24925
24926
24980
24981
24982
24983
25053
25055
25100
25107
25115
25118
25124
25126
25127
25187
25188
25189
25207
25212
25214
25223
25226
25233
25234
25235
25318
25319
25320
25322
25325
25327
25328
25329
25330
25348
25349
25356
25357
25428
25429
25430
25441
25446
25447
25488
25492
25493
25494
25544
25545
25546
25547
25548
25549
25575
25604
25657
25658
25659
25660
25661
25662
25721
25741
25746
25747
25748
25750
25751
25760
25761
25764
25765
25777
25784
25785
25826
25827
25828
25830
25831
25835
25836
25883
25940
25941
25942
25946
25947
26032
26033
26034
26035
26036
26062
26063
26065
26066
26089
26090
26140
26142
26144
26149
26150
26179
26184
26190
26254
26255
26257
26259
26261
26263
26265
26281
26285
26316
26332
26333
26334
26335
26346
26348
26353
26375
26392
26393
26401
26443
26444
26445
26447
26455
26481
26490
26491
26500
26615
26617
26618
26622
26635
26643
26644
26657
26704
26705
26706
26714
26716
26718
26720
26722
26723
26740
26752
26757
26758
26759
26788
26789
26791
26792
26793
26802
26813
26814
26822
26823
26830
26881
26882
26891
26903
26905
26909
26915
26937
26946
26948
26949
26950
26951
26956
26986
26987
27039
27040
27045
27049
27050
27051
27057
27065
27075
27076
27079
27118
27119
27120
27121
27122
27125
27138
27140
27141
27181
27182
27183
27197
27205
27208
27209
27212
27250
27252
27255
27258
27259
27266
27267
27271
27272
27273
27274
27287
27288
27290
27298
27300
27332
27347
27348
27350
27351
27352
27358
27424
27425
27426
27433
27434
27435
27436
27440
27445
27446
27453
27481
27482
27485
27543
27544
27545
27546
27547
27549
27550
27557
27561
27563
27567
27598
27601
27602
27603
27607
27613
27614
27623
27624
27627
27628
27629
27631
27639
27720
27722
27723
27725
27727
27728
27731
27733
27752
27753
27788
27814
27821
27822
27824
27869
27870
27871
27872
27879
27880
27881
27883
27888
27889
27893
27908
27982
27986
27990
27993
27994
27997
27998
28000
28006
28007
28008
28010
28011
28012
28018
28113
28114
28115
28118
28119
28120
28121
28122
28123
28126
28127
28128
28130
28131
28132
28145
28146
28148
28164
28165
28166
28171
28172
28173
28174
28175
28176
28177
28178
28207
28208
28209
28212
28214
28255
28256
28257
28261
28263
28264
28265
28266
28267
28268
28271
28344
28345
28346
28347
28444
28449
28450
28456
28457
28459
28460
28461
28462
28466
28468
28469
28474
28481
28482
28496
28500
28505
28506
28508
28509
28514
28515
28516
28517
28518
28573
28574
28578
28589
28618
28620
28629
28633
28634
28636
28640
28646
28647
28648
28649
28703
28709
28711
28715
28728
28730
28736
28737
28741
28742
28743
28744
28745
28748
28749
28750
28826
28827
28828
28830
28831
28862
28864
28865
28867
28868
28874
28877
28885
28886
28953
28954
28957
28961
28962
28963
28965
28966
28967
28970
28988
28999
29000
29001
29003
29009
29013
29014
29015
29016
29020
29104
29105
29106
29108
29151
29160
29165
29168
29169
29181
29185
29186
29188
29189
29190
29191
29259
29298
29299
29300
29301
29302
29304
29318
29328
29329
29339
29340
29341
29342
29387
29388
29390
29393
29394
29395
29396
29397
29413
29450
29452
29453
29454
29465
29466
29467
29469
29470
29471
29474
29475
29477
29530
29535
29542
29543
29544
29599
29602
29603
29607
29620
29621
29625
29627
29628
29629
29634
29694
29702
29744
29746
29747
29748
29752
29753
29754
29755
29757
29758
29760
29768
29769
29770
29773
29774
29775
29776
29789
29790
29793
29794
29855
29856
29857
29858
29865
29866
29868
29915
29922
29923
29924
29925
29926
29927
29928
29929
29984
29986
29987
29988
29997
30016
30030
30031
30040
30041
30044
30046
30047
30048
30113
30114
30115
30116
30117
30118
30119
30121
30126
30127
30128
30140
30141
30142
30146
30147
30164
30167
30174
30227
30228
30229
30230
30231
30232
30235
30236
30238
30239
30245
30246
30260
30261
30263
30264
30265
30268
30269
30271
30272
30279
30284
30285
30357
30358
30360
30361
30362
30363
30366
30372
30376
30377
30388
30392
30393
30394
30398
30399
30400
30401
30402
30406
30407
30408
30409
30410
30412
30413
30416
30468
30469
30470
30471
30472
30473
30475
30537
30539
30571
30572
30573
30575
30580
30582
30583
30584
30585
30586
30587
30602
30606
30612
30614
30618
30619
30623
30630
30631
30633
30635
30637
30695
30696
30697
30700
30703
30758
30759
30760
30761
30770
30771
30772
30774
30775
30815
30816
30818
30819
30828
30829
30830
30856
30857
30869
30870
30873
30875
30877
30881
30882
30884
30958
30959
30962
30963
30964
30966
30969
30970
30971
30972
30973
30975
31035
31036
31038
31039
31047
31048
31049
31052
31053
31055
31058
31059
31062
31066
31067
31071
31072
31074
31075
31078
31079
31154
31156
31157
31159
31160
31162
31165
31171
31172
31175
31177
31182
31183
31188
31189
31190
31240
31241
31242
31250
31253
31254
31347
31349
31351
31355
31356
31357
31358
31364
31365
31366
31367
31368
31369
31407
31408
31409
31426
31428
31430
31431
31432
31433
31454
31455
31465
31466
31467
31468
31469
31471
31473
31475
31523
31536
31537
31541
31542
31549
31551
31643
31644
31645
31647
31665
31667
31668
31669
31672
31673
31689
31690
31691
31692
31693
31696
31698
31700
31701
31702
31704
31707
31708
31715
31719
31721
31724
31727
31728
31730
31732
31735
31737
31806
31807
31808
31809
31810
31811
31812
31814
31819
31833
31841
31852
31853
31855
31856
31858
31860
31863
31864
31875
31877
31887
31888
31893
31894
31898
31900
31937
31940
31941
31942
31944
31946
31947
31949
31950
31953
31954
31985
31987
31988
31989
31990
31991
31996
31997
32000
32004
32007
32008
32009
32010
32089
32090
32091
32092
32093
32094
32095
32097
32098
32103
32117
32119
32121
32123
32124
32126
32158
32161
32166
32167
32168
32170
32172
32173
32175
32180
32221
32222
32237
32238
32239
32240
32246
32251
32314
32315
32317
32318
32328
32329
32486
32487
32489
32490
32502
32518
32519
32532
32533
32535
32537
32538
32540
32541
32623
32624
32625
32626
32627
32629
32630
32631
32633
32634
32635
32640
32646
32647
32648
32653
32654
32656
32657
32658
32660
32734
32735
32736
32737
32739
32751
32756
32758
32760
32761
32764
32765
32766
32767
32793
32794
32798
32799
32800
32801
32803
32804
32807
32808
32810
32811
32822
32844
32855
32859
32862
32863
32864
32865
32866
32867
32920
32921
32925
32926
32927
32932
32938
32956
32958
32959
32960
32962
33002
33023
33032
33053
33060
33170
33179
33233
33283
33293
33364
33373
33378
33407
33413
33419
33430
33431
33433
33441
33442
33443
33446
33447
33483
33499
33500
33505
33507
33510
33511
33513
33550
33566
33567
33572
33573
33574
33576
33578
33634
33635
33637
33638
33639
33640
33642
33645
33649
33650
33651
33652
33654
33685
33696
33697
33719
33721
33722
33761
33773
33774
33775
33776
33777
33778
33780
33781
33783
33825
33849
33850
33851
33854
33855
33893
33894
33896
33897
33912
33914
33918
33929
33936
33966
33970
33971
33979
34001
34042
34043
34051
34052
34054
34057
34059
34060
34061
34063
34065
34066
34111
34112
34113
34114
34118
34163
34164
34169
34170
34171
34213
34214
34215
34217
34218
34235
34236
34266
34269
34312
34316
34318
34333
34346
34369
34371
34372
34375
34376
34377
34378
34379
34456
34457
34486
34487
34505
34509
34510
34568
34570
34571
34574
34582
34586
34592
34593
34594
34636
34637
34639
34654
34701
34702
34745
34746
34751
34752
34753
34754
34759
34760
34762
34765
34785
34790
34795
34869
34870
34871
34872
34888
34889
34897
34899
34900
34903
34906
34907
34909
34987
34988
34989
34993
34997
34998
34999
35000
35001
35002
35042
35043
35044
35045
35083
35086
35087
35088
35089
35091
35092
35104
35108
35109
35110
35118
35122
35123
35124
35168
35169
35170
35171
35172
35174
35176
35178
35179
35181
35182
35183
35187
35188
35224
35225
35227
35228
35229
35231
35236
35247
35249
35250
35251
35253
35254
35255
35256
35257
35258
35259
35317
35321
35323
35331
35332
35333
35336
35339
35340
35342
35388
35389
35392
35393
35395
35396
35398
35400
35407
35408
35411
35465
35467
35468
35469
35471
35474
35475
35478
35479
35483
35484
35485
35490
35491
35492
35499
35512
35516
35517
35518
35543
35544
35546
35549
35550
35551
35558
35559
35561
35566
35567
35574
35575
35578
35579
35608
35609
35610
35611
35615
35617
35618
35619
35620
35622
35623
35663
35672
35674
35675
35676
35677
35678
35679
35680
35700
35701
35707
35714
35720
35721
35723
35725
35727
35728
35729
35730
35731
35752
35753
35774
35776
35777
35778
35779
35780
35782
35783
35787
35788
35805
35825
35826
35844
35845
35849
35852
35855
35857
35899
35906
35908
35909
35940
35974
35976
35978
36001
36002
36040
36046
36051
36052
36054
36107
36108
36110
36112
36138
36162
36165
36166
36167
36207
36221
36259
36262
36306
36309
36388
36393
36396
36449
36451
36487
36488
36511
36513
36520
36529
36530
36531
36532
36533
36616
36618
36626
36627
36628
36658
36693
36752
36778
36784
36785
36849
36953
37060
37116
37203
37210
37213
37245
37249
37266
37398
37403
37431
37432
37433
37440
37480
37481
37487
37493
37494
37552
37558
37577
37579
37580
37623
37624
37626
37627
37628
37945
37946
37950
37951
37986
37987
38022
38023
38024
38025
38072
38073
38127
38128
38131
38132
38180
38181
38222
38223
38224
38225
38230
38231
38264
38265
38267
38278
38279
38280
38283
38284
38354
38355
38356
38357
38372
38373
38454
38455
38456
38457
38500
38501
38503
38504
38619
38620
38621
38622
38629
38630
38685
38687
38688
38689
38737
38738
38742
38743
38749
38751
38793
38794
38826
38827
38837
38838
38866
38867
38868
38869
38938
38939
38940
38941
38943
38946
38947
38965
